2 0.000032
3 0.000044
4 0.000054
5 0.000109
6 0.000702
7 0.001178
8 0.000798
9 0.001829
10 0.008021
11 0.017881
12 0.021358
13 0.085613
14 0.045943
15 0.110412
16 0.153268
17 0.096698
18 0.088872
19 0.216042
20 0.239342
21 0.286463
22 0.312038
23 0.374305
24 0.493985
25 0.232689
26 0.540160
27 0.468203
28 0.449855
29 0.737320
30 0.785999
31 0.797280
32 0.928393
33 1.088298
34 1.162380
35 1.251137
36 1.334499
37 1.433363
38 1.493151
39 1.611884
40 1.765263
41 1.960647
42 2.006800
43 2.193090
44 2.523044
45 2.572611
46 2.693902
47 2.856350
48 2.994273
49 2.963667
50 3.791892
51 3.339748
52 3.510452
53 3.763705
54 3.974599
55 4.260616
56 4.698016
57 4.953067
58 5.319834
59 5.449193
60 6.008336
61 6.411766
62 6.590081
63 7.182566
64 7.278736
65 7.319473
66 8.168327
67 8.147757
68 7.917464
69 8.742017
70 9.488609
71 9.626112
72 9.996074
73 11.158283
74 11.644304
75 11.468364
76 12.439816
77 12.676266
78 13.310790
79 12.982837
80 13.276585
81 13.997217
82 14.878575
83 15.275171
84 15.689403
85 16.399386
86 16.706192
87 17.755044
88 19.409998
89 18.720986
90 19.382542
91 20.394055
92 21.270978
93 22.156959
94 22.444503
95 22.096720
96 22.853262
97 23.152836
98 23.372199
99 24.786393
100 25.638078
