2 0.000009
3 0.000011
4 0.000013
5 0.000019
6 0.000036
7 0.000070
8 0.000057
9 0.000148
10 0.001046
11 0.000437
12 0.000828
13 0.000916
14 0.001298
15 0.006221
16 0.002812
17 0.004018
18 0.003364
19 0.005768
20 0.072878
21 0.029601
22 0.006035
23 0.014177
24 0.012540
25 0.048405
26 0.008652
27 0.030348
28 0.048696
29 0.036994
30 0.154093
31 0.033471
32 0.200590
33 0.055639
34 0.145665
35 0.140112
36 0.049477
37 0.108922
38 0.048939
39 0.144237
40 0.115607
41 0.319044
42 0.164357
43 0.518670
44 0.458295
45 0.300761
46 0.314161
47 0.267793
48 1.519867
49 0.378098
50 0.405123
51 2.133312
52 0.478629
53 1.929272
54 0.644207
55 0.674396
56 0.471075
57 0.773797
58 0.969922
59 0.882576
60 2.659774
61 1.373322
62 1.706632
63 1.341478
64 1.592522
65 1.482601
66 0.694533
67 2.378093
68 0.833010
69 1.520667
70 2.576881
71 3.017070
72 1.466098
73 3.507007
74 3.670552
75 4.136111
76 1.841251
77 3.260371
78 5.011035
79 2.483357
80 9.126164
81 2.686032
82 4.238156
83 3.679534
84 3.039955
85 4.976514
86 17.769972
87 5.376025
88 4.084338
89 4.547624
90 5.819186
91 11.474088
92 9.523308
93 5.834090
94 23.029376
95 13.529284
96 9.114861
97 23.481411
98 10.467723
99 9.794510
100 12.232689
101 12.440529
102 29.597748
103 7.572495
104 8.760382
105 20.967167
106 33.843143
107 30.905398
108 34.855814
109 25.759274
110 13.411725
111 17.805210
112 14.621366
113 8.754547
114 15.504912
115 12.001579
